1 10
100 200
201 210
900 1000
10 1
200 100
210 201
1000 900
1 10
100 200
201 210
900 1000
20 20
1 999999
999999 999999
199 200
200 200
1 1
2 2
999999 1
40 40
123 456
532117 876459
850001 154716
765721 406668
997804 108841
113451 258326
414095 890994
581593 262447
603803 351294
445924 555273
322578 318954
303430 32586
692450 667016
924826 355720
177233 88569
250582 15642
384633 841395
392151 25070
65474 116535
835493 315419
48020 374000
334177 200285
443235 172249
752843 790590
662433 882137
538475 292286
152916 142749
810836 458966
602805 462094
299434 82720
599405 811922
533416 362839
656863 654103
950494 332173
97993 170167
486118 500185
578074 169562
668699 172752
366593 470208
277933 260355
838590 73309
605729 69552
891174 76818
310481 746002
35866 650971
183802 626564
605149 217192
498434 602545
420398 361476
531662 12814
700791 478828
801649 933331
520469 94947
364657 615508
862274 942776
548412 723038
775688 218924
653429 93984
979613 706675
254260 546870
110850 980652
749698 507555
543649 125096
512125 207969
344054 504939
187044 644219
106538 71825
989132 878270
383697 591431
637558 763606
188812 784156
202015 220467
22771 380431
825242 899458
831921 916583
488382 35954
771424 137517
336807 203454
365346 187459
608015 927086
74807 341298
657853 719930
35065 112122
664065 657403
97417 719908
754712 130542
523586 638590
761775 916268
526891 373229
875068 506781
200412 445802
468078 828652
195570 286723
169284 37567
499489 209836
731694 732523
9678 137480
25783 406796
272807 910625
460996 854216
