1 10 20
100 200 125
201 210 89
900 1000 174
10 1 20
200 100 125
210 201 89
1000 900 174
1 10 20
100 200 125
201 210 89
900 1000 174
20 20 8
1 999999 525
999999 999999 259
199 200 120
200 200 27
1 1 1
2 2 2
999999 1 525
40 40 9
123 456 144
532117 876459 525
850001 154716 525
765721 406668 509
997804 108841 525
113451 258326 443
414095 890994 525
581593 262447 470
603803 351294 470
445924 555273 470
322578 318954 371
303430 32586 443
692450 667016 442
924826 355720 525
177233 88569 383
250582 15642 443
384633 841395 525
392151 25070 443
65474 116535 354
835493 315419 509
48020 374000 443
334177 200285 443
443235 172249 449
752843 790590 468
662433 882137 525
538475 292286 470
152916 142749 370
810836 458966 509
602805 462094 470
299434 82720 443
599405 811922 509
533416 362839 470
656863 654103 429
950494 332173 525
97993 170167 383
486118 500185 426
578074 169562 470
668699 172752 509
366593 470208 449
277933 260355 407
838590 73309 525
605729 69552 470
891174 76818 525
310481 746002 509
35866 650971 509
183802 626564 509
605149 217192 470
498434 602545 470
420398 361476 449
531662 12814 470
700791 478828 509
801649 933331 525
520469 94947 470
364657 615508 470
862274 942776 507
548412 723038 509
775688 218924 509
653429 93984 509
979613 706675 525
254260 546870 470
110850 980652 525
749698 507555 509
543649 125096 470
512125 207969 470
344054 504939 449
187044 644219 509
106538 71825 354
989132 878270 507
383697 591431 470
637558 763606 504
188812 784156 509
202015 220467 386
22771 380431 443
825242 899458 525
831921 916583 525
488382 35954 449
771424 137517 509
336807 203454 443
365346 187459 443
608015 927086 525
74807 341298 443
657853 719930 504
35065 112122 354
664065 657403 398
97417 719908 509
754712 130542 509
523586 638590 509
761775 916268 525
526891 373229 470
875068 506781 525
200412 445802 449
468078 828652 509
195570 286723 443
169284 37567 383
499489 209836 449
731694 732523 380
9678 137480 354
25783 406796 443
272807 910625 525
460996 854216 525
